Mean
-1.00018275414 -0.0305370788996 -0.00232336257349
-0.999142614545 -0.0581976480957 0.0079489935013
-0.998518204727 -0.0618267286744 -0.0116777005842
Variance
0.000883527548711 0.0055016869889 0.00618331087405
0.00211727556732 0.00827036379045 0.0116539583543
0.00160365000071 0.00603136306244 0.00662626897105
Max
-0.750009596348 0.272438108921 0.504446327686
-0.629772007465 0.72003030777 0.661039829254
-0.68984234333 0.540532708168 0.561026155949
Min
-1.24801087379 -0.362672477961 -0.534595489502
-1.38435328007 -0.725784301758 -0.714790284634
-1.3212543726 -0.638747036457 -0.519168555737